[1]
2, 2721, 69, 10515, 2469, 10517, 8, 10519, 2628, 10520, 628, 3811, 171, 11395, 300, 3955, 58, , 12290, 5130, 11788, 4258, 10533, 2857, 10536, 302, 10535, 2954, 10530, 5, 10525, 2566, 10523, 75, 2776, 1, 8017, 1072, 12660, 5515, 8022, 5274, 12583, 316, 12092, 1076, 12195, 4632, 10512, 4700, 7789, 1075, 7794, 5506, 11948, 2712, 10511


[ 653.9974    474.8638    179.9915  ]
 [ 175.       -200.        180.      ] DONE 0
 [ 175.       -166.2857    180.      ] DONE 1
 [ 175.       -132.5714    180.      ] DONE 2
 [ 175.        -98.85715   180.      ] DONE 3
 [ 175.        -65.14285   180.      ] DONE 4
 [ 175.        -31.42857   180.      ] DONE 5
 [ 175.          2.285706  180.      ] DONE 6
 [ 175.         36.        180.      ] DONE 7 # LONG LENGTH
 [ 175.         36.        180.      ] DONE 8 # SHORT LENGTH
 [ 175.        161.8571    180.      ] DONE 9
 [ 175.        287.7143    180.      ] DONE 10
 [ 175.        413.5714    180.      ] DONE 11
 [ 175.        539.4286    180.      ] DONE 12
 [ 175.        665.2858    180.      ] DONE 13
 [ 175.        791.1429    180.      ] DONE 14
 [ 175.        917.        180.      ] DONE 15 # LONG LENGTH
 [ 175.        917.        180.      ] DONE 16 # SHORT LENGTH
 [ 175.        949.4286    180.      ] DONE 17
 [ 175.        981.8572    180.      ] DONE 18
 [ 175.       1014.286     180.      ] DONE 19
 [ 175.       1046.714     180.      ] DONE 20
 [ 175.       1079.143     180.      ] DONE 21
 [ 175.       1111.571     180.      ] DONE 22
 [ 175.       1144.        180.      ] DONE 23
 [ 191.01       36.        180.      ] PENDING 24
 [ 236.5657     36.        180.      ] DONE 25
 [ 282.1214     36.        180.      ] DONE 26
 [ 327.6772     36.        180.      ] DONE 27
 [ 373.2328     36.        180.      ] DONE 28
 [ 418.7886     36.        180.      ] DONE 29
 [ 464.3443     36.        180.      ] DONE 30
 [ 509.9        36.        180.      ] DONE 31
 [ 191.01      917.        180.      ] DONE 32
 [ 236.5657    917.        180.      ] DONE 33
 [ 282.1214    917.        180.      ] DONE 34
 [ 327.6772    917.        180.      ] DONE 35
 [ 373.2328    917.        180.      ] DONE 36
 [ 418.7886    917.        180.      ] DONE 37
 [ 464.3443    917.        180.      ] DONE 38
 [ 509.9       917.        180.      ]] DONE 39

